	S	I0	M1	D1	I1	M2	D2	I2	E
S	0	0	1	0	0	0	0	0	0
I0	0	0	0	0	0	0	0	0	0
M1	0	0	0	0	0.625	0.375	0	0	0
D1	0	0	0	0	0	0	0	0	0
I1	0	0	0	0	0	0.8	0.2	0	0
M2	0	0	0	0	0	0	0	0	1
D2	0	0	0	0	0	0	0	0	1
I2	0	0	0	0	0	0	0	0	0
E	0	0	0	0	0	0	0	0	0
--------
	A	B	C	D	E
S	0	0	0	0	0I00.204	0	0	0	0	0	0	0	0	0	0	0	0	0	0	0	0	0	0	0	0	0	0	0
D1	0	0	0	0	0.333	0.333	0.333	0	0	0	0	0	0	0	0	0	0	0	0	0	0	0	0	0	0	0	0	0	0	0
I1	0	0	0	0	0.333	0.333	0.333	0	0	0	0	0	0	0	0	0	0	0	0	0	0	0	0	0	0	0	0	0	0	0
M2	0	0	0	0	0	0	0	0.01	0.981	0.01	0	0	0	0	0	0	0	0	0	0	0	0	0	0	0	0	0	0	0	0
D2	0	0	0	0	0	0	0	0.01	0.01	0.981	0	0	0	0	0	0	0	0	0	0	0	0	0	0	0	0	0	0	0	0
I2	0	0	0	0	0	0	0	0.333	0.333	0.333	0	0	0	0	0	0	0	0	0	0	0	0	0	0	0	0	0	0	0	0
M3	0	0	0	0	0	0	0	0	0	0	0.01	0.981	0.01	0	0	0	0	0	0	0	0	0	0	0	0	0	0	0	0	0
D3	0	0	0	0	0	0	0	0	0	0	0.01	0.981	0.01	0	0	0	0	0	0	0	0	0	0	0	0	0	0	0	0	0
I3	0	0	0	0	0	0	0	0	0	0	0.333	0.333	0.333	0	0	0	0	0	0	0	0	0	0	0	0	0	0	0	0	0
M4	0	0	0	0	0	0	0	0	0	0	0	0	0	0.01	0.786	0.204	0	0	0	0	0	0	0	0	0	0	0	0	0	0
D4	0	0	0	0	0	0	0	0	0	0	0	0	0	0.333	0.333	0.333	0	0	0	0	0	0	0	0	0	0	0	0	0	0
I4	0	0	0	0	0	0	0	0	0	0	0	0	0	0.333	0.333	0.333	0	0	0	0	0	0	0	0	0	0	0	0	0	0
M5	0	0	0	0	0	0	0	0	0	0	0	0	0	0	0	0	0.01	0.738	0.252	0	0	0	0	0	0	0	0	0	0	0
D5	0	0	0	0	0	0	0	0	0	0	0	0	0	0	0	0	0.01	0.01	0.981	0	0	0	0	0	0	0	0	0	0	0
I5	0	0	0	0	0	0	0	0	0	0	0	0	0	0	0	0	0.333	0.333	0.333	0	0	0	0	0	0	0	0	0	0	0
M6	0	0	0	0	0	0	0	0	0	0	0	0	0	0	0	0	0	0	0	0.657	0.333	0.01	0	0	0	0	0	0	0	0
D6	0	0	0	0	0	0	0	0	0	0	0	0	0	0	0	0	0	0	0	0.01	0.981	0.01	0	0	0	0	0	0	0	0
I6	0	0	0	0	0	0	0	0	0	0	0	0	0	0	0	0	0	0	0	0.01	0.981	0.01	0	0	0	0	0	0	0	0
M7	0	0	0	0	0	0	0	0	0	0	0	0	0	0	0	0	0	0	0	0	0	0	0.01	0.786	0.204	0	0	0	0	0
D7	0	0	0	0	0	0	0	0	0	0	0	0	0	0	0	0	0	0	0	0	0	0	0.333	0.333	0.333	0	0	0	0	0
I7	0	0	0	0	0	0	0	0	0	0	0	0	0	0	0	0	0	0	0	0	0	0	0.333	0.333	0.333	0	0	0	0	0
M8	0	0	0	0	0	0	0	0	0	0	0	0	0	0	0	0	0	0	0	0	0	0	0	0	0	0.01	0.981	0.01	0	0
D8	0	0	0	0	0	0	0	0	0	0	0	0	0	0	0	0	0	0	0	0	0	0	0	0	0	0.01	0.981	0.01	0	0
I8	0	0	0	0	0	0	0	0	0	0	0	0	0	0	0	0	0	0	0	0	0	0	0	0	0	0.333	0.333	0.333	0	0
M9	0	0	0	0	0	0	0	0	0	0	0	0	0	0	0	0	0	0	0	0	0	0	0	0	0	0	0	0	0.01	0.99
D9	0	0	0	0	0	0	0	0	0	0	0	0	0	0	0	0	0	0	0	0	0	0	0	0	0	0	0	0	0.5	0.5
I9	0	0	0	0	0	0	0	0	0	0	0	0	0	0	0	0	0	0	0	0	0	0	0	0	0	0	0	0	0.5	0.5
E	0	0	0	0	0	0	0	0	0	0	0	0	0	0	0	0	0	0	0	0	0	0	0	0	0	0	0	0	0	0
--------
	A	B	C	D	E	F
S	0	0	0	0	0	0
I0	0.167	0.167	0.167	0.167	0.167	0.167
M1	0.953	0.009	0.009	0.009	0.009	0.009
D1	0	0	0	0	0	0
I1	0.167	0.167	0.167	0.167	0.167	0.167
M2	0.009	0.009	0.481	0.245	0.009	0.245
D2	0	0	0	0	0	0
I2	0.167	0.167	0.167	0.167	0.167	0.167
M3	0.245	0.009	0.009	0.717	0.009	0.009
D3	0	0	0	0	0	0
I3	0.167	0.167	0.167	0.167	0.167	0.167
M4	0.198	0.009	0.009	0.009	0.764	0.009
D4	0	0	0	0	0	0
I4	0.167	0.167	0.167	0.167	0.167	0.167
M5	0.009	0.009	0.009	0.009	0.009	0.953
D5	0	0	0	0	0	0
I5	0.167	0.167	0.167	0.167	0.167	0.167
M6	0.638	0.009	0.009	0.324	0.009	0.009
D6	0	0	0	0	0	0
I6	0.481	0.009	0.481	0.009	0.009	0.009
M7	0.575	0.009	0.198	0.009	0.009	0.198
D7	0	0	0	0	0	0
I7	0.167	0.167	0.167	0.167	0.167	0.167
M8	0.009	0.009	0.245	0.717	0.009	0.009
D8	0	0	0	0	0	0
I8	0.167	0.167	0.167	0.167	0.167	0.167
M9	0.009	0.009	0.387	0.009	0.009	0.575
D9	0	0	0	0	0	0
I9	0.167	0.167	0.167	0.167	0.167	0.167
E	0	0	0	0	0	0
